"","accession_ID","F_mean","F_sd","HETob_mean","HETob_sd","HETex_mean","HETex_sd","HOMex_mean","HOMex_sd","n"
"1","CHIS_E52",0.73,0.021,0.08,0.006,0.296,0,0.704,0,2
"2","CHIS_E59",0.778,0.012,0.066,0.004,0.296,0,0.704,0,2
"3","CHIS_L04",0.739,0.047,0.077,0.014,0.296,0,0.704,0,4
"4","CHIS_L08",0.76,0.053,0.071,0.016,0.296,0,0.704,0,4
"5","CHIS_L33",0.815,0.12,0.055,0.035,0.296,0,0.704,0,4
"6","CHIS_L34",0.74,0.032,0.077,0.01,0.296,0,0.704,0,4
"7","CHIS_L35",0.719,0.02,0.083,0.006,0.296,0,0.704,0,4
"8","CHIS_L36",0.679,0.142,0.095,0.042,0.296,0,0.704,0,4
"9","CHIS_L37",0.673,0.148,0.097,0.044,0.296,0,0.704,0,4
"10","CHIS_L41",0.708,0.094,0.086,0.028,0.296,0,0.704,0,4
"11","CHIS_L42",0.749,0.022,0.074,0.006,0.296,0,0.704,0,4
"12","CHIS_L43",0.601,0.041,0.118,0.012,0.296,0,0.704,0,6
"13","CHIS_L44",0.721,0.039,0.083,0.012,0.296,0,0.704,0,4
"14","CHIS_L45",0.735,0.023,0.078,0.007,0.296,0,0.704,0,4
"15","CHIS_R02",0.757,0.026,0.072,0.008,0.296,0,0.704,0,4
"16","CHIS_R05",0.771,0.08,0.068,0.024,0.296,0,0.704,0,4
"17","CHIS_R06",0.764,0.065,0.07,0.019,0.296,0,0.704,0,4
"18","CHIS_R10",0.773,0.04,0.067,0.012,0.296,0,0.704,0,4
"19","CHIS_R11",0.763,0.074,0.07,0.022,0.296,0,0.704,0,4
"20","CHIS_R40",0.733,0.043,0.079,0.013,0.296,0,0.704,0,4
"21","GAV_F1L1",0.772,0.02,0.067,0.006,0.295,0,0.705,0,4
"22","GAV_F1L2",0.774,0.023,0.067,0.007,0.295,0,0.705,0,2
"23","GAV_F1L3",0.759,0.012,0.071,0.004,0.295,0,0.705,0,2
"24","GAV_F1N1",0.76,0.01,0.071,0.003,0.295,0,0.705,0,2
"25","GAV_F1N2",0.74,NA,0.077,NA,0.295,NA,0.705,NA,1
"26","GAV_F1N3",0.997,NA,0.001,NA,0.293,NA,0.707,NA,1
"27","GAV_F1R1",0.75,0.004,0.074,0.001,0.295,0,0.705,0,2
"28","GAV_F1R2",0.87,0.184,0.038,0.054,0.287,0.011,0.713,0.011,2
"29","GAV_F1R3",0.762,0.018,0.07,0.005,0.295,0,0.705,0,2
"30","GRO_N13",0.775,0.054,0.066,0.016,0.296,0,0.704,0,4
"31","GRO_N14",0.753,0.031,0.073,0.009,0.296,0,0.704,0,4
"32","GRO_N15",0.754,0.033,0.073,0.01,0.296,0,0.704,0,4
"33","GRO_N16",0.746,0.032,0.075,0.01,0.296,0,0.704,0,4
"34","GRO_N18",0.776,0.019,0.066,0.006,0.296,0,0.704,0,4
"35","GRO_N19",0.737,0.037,0.078,0.011,0.296,0,0.704,0,4
"36","GRO_N20",0.733,0.018,0.079,0.005,0.296,0,0.704,0,3
"37","GRO_N22",0.744,0.018,0.076,0.005,0.296,0,0.704,0,4
"38","GRO_N23",0.8,0.135,0.059,0.04,0.291,0.01,0.709,0.01,4
"39","GRO_N24",0.766,0.074,0.069,0.022,0.296,0,0.704,0,4
"40","GRO_N26",0.723,0.011,0.082,0.003,0.296,0,0.704,0,4
"41","HGO_E50",0.736,0.037,0.078,0.011,0.296,0,0.704,0,2
"42","NAY_N27",0.724,0.013,0.082,0.004,0.296,0,0.704,0,4
"43","NAY_N29",0.76,0.069,0.071,0.021,0.296,0,0.704,0,4
"44","NAY_N30",0.719,0.034,0.083,0.01,0.296,0,0.704,0,4
"45","NAY_N47",0.74,0.041,0.077,0.012,0.296,0,0.704,0,4
"46","OAX_N31",0.737,0.019,0.078,0.006,0.296,0,0.704,0,4
"47","OAX_N32",0.77,0.022,0.068,0.007,0.296,0,0.704,0,5
"48","SLP_E49",0.706,0.01,0.087,0.003,0.296,0,0.704,0,2
"49","SLP_E51",0.741,0.024,0.077,0.007,0.296,0,0.704,0,2
"50","VER_E48",0.733,0.027,0.079,0.008,0.296,0,0.704,0,2
"51","VER_E56",0.772,0.005,0.067,0.002,0.295,0,0.705,0,2
"52","VER_E57",0.769,0.012,0.068,0.003,0.295,0,0.705,0,2
"53","XXX_XXX_14",0.78,NA,0.065,NA,0.295,NA,0.705,NA,1
